011 00110ποί01110ὼο

01101010 11011101 diameter ney 100000,0100110010111111011, 0110111011 KG, 00
‚ 100 0000011 jede 1111100000010111110. 000 10011001 1101000010 0οΙ0010
000001101010011011000 000 nach der 11. 110111. Vnd 1110 0011101110 0101110101
0000 0000110 KG 1110 0010 0100011011ςο belrompt 100 11001001 101 darn 100000,
0100 111000 00011 0010 0111111010 1110 00100 0010000 0011111010 11. 11. 14. [10111
0000000100111011101001, 00011 1111 werden deenen 01100 1101110011 1100111000.

01111000 00 0011 01001 810111ρο 000101000110001010100111000010110000 Effl
000 dem 8100110011 getheilnt 11010011 01001011 10 011ογ Their, 000 010 101 010
1011011011ςο 0001100 0001 01110001 000000, 000 00001 101 0100111101, 0100100,
0001 schemen vmb 010 00011011 0001100100100000111101011111, 11111 0011 00011-
01011011οΡ011, 0000 bezeichnen 1001100011 001000000011100001011010
110011 01000 01010010 00, sumpt 000000 0010 0111000011 GE oder FK 11010111
worden, 00 1001100 00111 011110 durch 010 11110111. 0100111101 1111110100
Citronenrnndung 1101 1110010010 01101 01001 (010 00011 No. 58. 0100111101
1111110011 110001), deren 000 010 0101011 101 0110111 10100011 spart, 0010000011
000011 000 0101101, 100 00 110011 1010101001 0000 0000000000 00 0011111010
101, 111101 0010011001 00011 001 14. 000144. [10111. Dan 000010 01001 1010111
ganne 011011101101001110110010110000, 00011 0000 dem 1000000100001110110101
001011111οι1, 0010111011 1010101000 werden 001100 100 001 110ςο11 000.
Die 01101 nach der 59. 110111 0010011001. 0010011110 1110101000110100010010 ·
100 0010111101 100 010 050010010010 wellen 1000111011, 00 0000101011, 1110111

’ 11001110 10 001 11000010 01101 0000010111οη 01000011010011001, 00011 001011100-

111011000, 110101 0110010001101011 eingefflhrt.

an Exempel‚ 1011 111100 00, 1110 011 19, CA 22 vnd 00 27, 0011100011 000
noy 0110101000111101110111111, 00 111101 CL 11 0010, 110 LO 9 0111 halben 1110 00
13 0111011100, 00 aber 0000111010. 01010001 10011101 111011 0000 00111011 01101011
000 diametrum 123,1111 eins. Ζο111 andern rnd 001111 001111 101 1111111113 0010111100
werden 100000, 00 muns OG 11010011 21911, 100 00 2139 1110110. 59, 0011011101 00
bey 0011 1101011100 0100000 11111 1011011 11101111 110 findet nich 0100010010 000
710 010. 11100 weil der 0100010100οε 1100000101 01101010 101 gerent 121, 10101101
11010011 100000 1110 sein 0100110100 028318, 0011111 001 0110110101 19 0010011 011111111οἱ00
so grona 001110110097050110 0101010000, ved 010 0110101 gagen einander ,001110 1110
010 0101011001 1011 001 0110101110, 1110 000 01101010 0010110 101 314 010. (110 0100
00101111, weil man 0011 0101110101 001111011000110100010 gegeben), 00 1101110 1011 11001
001 1211011001 01000000123 genien. 0011111011 15129, rnd 0100 00011 00, 10, gn·
vient, 0010010361, 1110 rethre 1110111000 00011 010 00100110 0000 enehorum, 7491114823.
01110 011110, 00 1001100 1011 01010011 001 01111001, 1101111101 0010011011 1011 dnn Feld
EG, 1000000111, 111 010 noch 00, dnn 10100,001111011,1101111101143902,00 1011101
32900000000000; 00110011 1001100 1011 001 8001100101110111111101101100000 01101101-
0011011100 000, 710 010, in den 0011110100 011 110001 00, 97051, 1011111 dns Stnck
010100001000000000010. 00111011 10011110 1011 00011 0101110110 Citronenrnndnng,
110011 00159. thr, 11011110 010. zum 01001101001001011101. 1100 mint din
011101 7300000000000, 110 1011 2000110110 0000 0111110010 329 010. 0000101011 010 01-
tronnnrundnng 10250000000000.

Β1001101 001110 wir 1011 0100111 0110111001 100 01001 10111 zu 001 anderen
gangen, 100 hat 1110 0111100οη 010 101001010111 10 001001101000000 ge-
010001. 101 0100 001 000100 Ρ100000 1110 1001101101010111100 1010111011 1101-
000, 1111 0011011100 jetro ein 0110010 0101111101 geben, 10 1101011001 001 0011100
0100000, durch 0110 1010010000 11011101 000111, 001010000011110 1111 Augen
1101101, 001011 111011 00110, 1110111 11111011 durand gelre. 110111010οη11 0100 my
810010 1000101011 01001011, 0000 010 ordnung, welches 101 0001110011 nn

rechrea, 1110111 01100 0110101010 1110 im rnn'gnn gehnltnn 1101001 mrim, 0000

 

