666 Ι 6666666666

mit strichen von 616666 1161 zum 666666, 6166 616 0166666 66661 durch 61666
Risu 16 6666 11166661, 616 1111611661 16 6666 durch 6666161666, 666 66166166.

Exempel: bey 666 2. Fig. 666 616 66666616611616 BDF, 666 66 6666666, 66 66666
, 6666 dem einen 86166 (6116616166, 666 6666 166611666661666 16 616 6666666666
61666666 seiten BD 6661666666 66666666, 616616616616110, mccc 66166 FG 666

666 BD mit 616666 616666; 6666166 FG 66116 666666 Muses 2, 666 DB 6, 6616 6 ist
3, 6666616121666, oder halb 2161 1, 6661661666 6, hetto 6166 666 06161)Βῖ
{chentffieenh 6ξὲ161666 661666 66666666166 1166666666 hug 666 666161, 666 ist 6661666,

- huss 61666 6666 166666 616 666166 116661 6666 0616666666 auh* 66666

1166666 11616666 666 6661661666 6666666 6666666166, 616 6666166 Fundamenta
66666 6166 von 66 66 6166 No. 23.

Einmcl wirdt 616 6166 Μ6666, 6666611 66 661666 Strjch 66666661, 66616
Hand gegeben, nach 0666611 666 666666, 616 66666661616166 616 1666666666.
0666161 6161661116 hieltc 6616616666, 666 66666 6166 1, GF 6666 were
66666 616 6116616611, 6616666161 6616 16 1 66166611, 166661 166666616611,
6666 6166 666 16616 DBF 616 6666666611 666 66666 0166666, 616 661666 666
66611 ist 616 6616 116666 DB. Sondcrlich gchct 66 6666666166 66, 66666 616
Η666 616 66666266666661166, 616 10, 100 616. 11666 66 6616616666 666
1666661166 66 666 Ζ661 666 ligandan 861166, 666 616661 6666666 66666166
Thai} von der crlcngcrtcn zahl, 6166166 man 6616666 6666666 6116 6666666666
6166666 vmh den 0166161 6666666. ,

Ein Exempcl 6666661666, 66 ist 6161666 seiten 616 666661666Τ666666 6666
6666616666666161 66 666 2416 Theil 6666 01661616, 666 161 66 16 666666, 61661166
6666 dem 066666 Τ666661666 26706, 6666 666 6616 diameter 1666100000, nim 6166
2466661, 66 66616 613078, 66666 66166 616 16611 1161166 6666 halben 6166661666, 6661661-
6166 hernach, 66166666 616 32163903001, 166 6661616 166 616 61161166 666 Bruch
aussgcfnhrt, 666 haustu 661 666666 166666 666 6166 666661666 62166903000.

Mit 66666 ’1616666616 666 11166666, welche 16 666 0166161 1616616 66666-
666 werden, 666 mit 61166 6611666 666 0666166166 66616666, 666666 66 nicht
vicl mehrers; 6660666661666 666 6666111661 im 0166161 6616666. 16666 666
66666166 6666 06666666661666 661115 gradus 6666 dem 066666, 6611666666161666
6161616 666 Feld 6666 6666666 6661116616, 6666166161, 66661166 3106811848 616,
666 dividit noch 6166661 mit 6666661666 6666616, 66666 6666 61166661 66666 6666
6166661666 1161166 hinnu, 666611 616 6616666616 66611 2111616ιὴ666 616 mon

. wirt 616 6611166 1666666 300000 616, 66611 1666666 661666 1611666666 thssffcch

17. 66 namen 66 6666666, 66 666 mc ,6666 stream, 666 mc maen 66
66661666 6666666666. (Ex 066611 1. Vol. IV. 6. 660.)

Zu 6616666, 61661606166616 ciuem Stuch 01661616 61666, 666 mit gc-
radeu 666666 166166 6666 dem centro geschnittcn‚ 616 ΒΕΑ, welche figur
2· 1111116666,611161116111616111
⁹· ffiglichcr 61666 0661616666 1661166, damnata 6616666,
1· wic grona 666 Bcgen 666, 666 vom 0166161 6666666616-
166 ist. (1666661 666, 66 66666 sich 66 dem 6636-
66661616666 Bogcn ΕΒ 60 grad, dcrn 660 im gumen
016616166166, 66 666166 666, 660 6666 661666 11 vier-
6666666 thail von 666 6166666 666 ΟΒ, was 6666666
30 6666666661 16166 nicht gar 616 61666666666666611,
6666666 11 66611166611666 616666.

 

