594 0001. 11010-1010000000. Anhang 100 0110101110 11100, 00111001

wicht examinirt, 100 000 Β10001100001, 00 01010 00000000, 0101000100 10 Ρ1000

' schwiir gesunden3 100 1000001000011110000 00101 00100 00000111 01101001

Ηο00 gebracht. Vnd 111101 1000100 0010 Plinio 100 001000, so 00100 0000
Vespasiano gelebt, 01111000, dese 010 Congius 10 Ρ1000 100 010 Amphora
80 Ρ1000 00110000 0000. [10100000 100 000111 0000 01000001010100010·
’ 0110010000, hetVillalpandus 0010010000100001, 11101000, 010111100 0000
0100010011000100010100000ογ0, 001010 0100 00100 0011οΙ1 101100011000010
gehen, 0111111100 1001001 Ρο00100 116, 01011111, er 0000 0100110000 01000101
001 000010 selber gelunden.

Weil 0000 00100000100 116, 000101 1560898, 1010011οῃ 00110000
001 ’0160 000100, 00 limen 0011 mein Helbknndel 1011 Wesser 1133 011 11010.
00011. 1100000 1000101 00110000 00100000 113000 000100 1001000100, 001
2¹1, 001. 00010011 0010000 000000000101100, dese Vespasianus, Plinius, Galenus,
100 000100 ’100111101000000 00 Rom 100 10 Spania, 1011 0001 0001010 bey
000110010011010 01001101 (10111001 gerunden 100 0001110001, 0000 000 uisse
Wesser ist 100101 einerley.

Der 00001 Ρ100000 0100 00 0100110110, 10100000001111101000 100 1010011
0100 0100. 1110111011 0010100010 1110000001 0000 Γ1001001100 0000110000 (10
0001010010 01110 001000000000 0101000011000111110100110 101 (1011001, Elen
100 Μο000) 0100 001 001010100000 werten 11010 1110 pendo 00001000, 100
⁸ 001111 000100001 000 'deutsche Wort 110101, 000 100101 010 00010101 0001 010
001010000101100 00000010101 001100101οἱ0. Vnd weil 10001Β10000 10 ’1000011-
1000 101, 010 Μο101 10 2, 4, 8, 16 001001100100 000 16. Thnil ein 1101011·
000000, 000010 1111010 jedes Gold 100 81100100100001101101110, 100 000
1010 0010 0001811001 1111110 neuneu, 10101000 16101110, 100 0001 010 000·

· 1001101 1 Lot 1111 010 Vnts zellen: hat 010 100 0010001000οΙ 110000 also sein

100000, 0000 010 110101 8101000 0000, 1110 010 1100110000 Vntseu 001 8 0111011·
10001 0010001000 010000 8 Marcis Wessere 0000100100, 001011 00 (100 001000
000000010 0000010000ου 1111000000 110000) 100101 01118 00000ος dise 0000 “
dem Apoteekergewieht 0000000000 81001011 0001 511 drachmas Wassers 001
0110 010 110000 01001011000100 001 0101 000000111100 00111000 00000000 100 1011
01000001 110100 0000100001, 11100000 00 10 0001001000 00011000. 00100000 001
01 010 1101100 0001 Brsitte 0111 Boden 00011 001 Ηο00 10 001101 01010001 Ι111011
000000100111, 010 jhme miiglieh 00110001, welches 001 0100010100 000001001, 11000
1000 01011100 10 2, 0010000 010 jedes 111001 101 100 0100 1011 0001011 11101101.
Μ11 01001 00 000011001ου ’10011000 001 01 010 Ηο00 0000 Wassers im (10111000
000000000000, 1111000, 0101110 10011000 10 einander multiplieirt, 100 010
00010001100100000011 1100 000 010 0000000001, 00000100 10 010 110000 0000·
00100001, welche mit 01000010 Fleise 100000111110110 0010 Bueh eingeseiehnet
0000001, 010 000 1000010000010011101Ρο00100 95 1000.

111001 0000 010 010 1010000001 001 00000111 000 1100010ου01 Platonis
000100001, 0000100 zwey 100010 010001110001100000001 1111100000 0011000100
11000 00010101110001 110000 100 00100000 00111000 000 11000010, 100 00-
100000, dese 00011010010 medium mit der 1011000 110000 0101101101 demit 01
10100101 00110001, dass 01 110001 0010110111000000, 0000111110 im Ηο000110,
0110000· 1010100000. Es 1010000 0100100000 0011001, 0101111011 01001 110110
0000 010 1111100110οο1 (1010000 0001 000001 001100100 100000 1011 0110001001
110100, 001010 011 0111000100 01000010 01010 00000000 1110001000οῃ, dass es
0011011 00100 0000101101 worden: des 0010000001001100110000111100 10110000
000 0000111 100 05, 000 1018111315. Er 1001011000101000010011110 8

 

