170071010080001010. . 509

in einerley 010000, vio 001 00100 diameter. Vnd 00 viel 000100100100 010 ’10011000
001 010 001000 01000101, 001101 21001 0000010010010 0010000100000 00000100 2001

111010 010100 mi Exempla: 00 100000 010 110000 000 800010 20 8100 21 011- „

00100 42 00000000, 10101000 11000 000 (11011010 01000101 0011 200000.

1101801οο101 250. 21 11. 42. 110010000οο0 01010010 000001101010,
Auso 001 ’10101 25 12 0 gibt 219911 000000 001001 01000101 10121951.

ᾖπήη-
Anu 00121101 8 68 gibt 1256 110000 2 010001062862

8101010000 1 4 1 03142
0000 00110101 0 52 &ibt ¹25 9 2827

810101 0000 ’12- 5 157
0000 001 ’10101 12 gibt 28 1 06

810101010010 8001010 22132 Summa 68961
Rima 0000011 44264, 0100 0000011 167922, 101 010
101 010 Longe 000 1100000. Longo 0000 01101011.

11000 00 101 zu 1110000 0000 010 01101101, 000000 001001 010001010οΙ1 21901,
00ιῶμῶξῶἓᾶ 010 111011 000010 01101101 0000000, 00100 00100 01000111 00100

Τᾰίιϋκηὼκθίτάὣόφοπ, 110000000010,00101000001’01000000110001,0010“
2000020000001000000101-000110001000000

ΠΜ 0101011000 Dio 80000 10 6100000 W

mm ηηῃμμω

mit 01. gr. 101. g. m. 0. 10100. 01000. 000.

9 28 270166 68826 08167 622 3224 314 24 1926 157 12

8 25 16274 12287 18344 288 2848 252 48 1717 144 10

7 21 99114 85751 28551 252 25 2 3 12 15
6

’ΤωΜΜΜΜἮῊῶᾒ
5ffimmmmmffl

wwffiwmm2muum
1

6 09 42477 79607 69679 108 1048

6
4
46

1101010107100001101000 010 Longo der 110000 10110101οἱ0 11010010
1000000 0010. Danu 01 00100 0100 210010 100301 lange 2011100 011 1111-
00001100 0011010οο1100 00100000 0110000000, 0000010 0011000 801010 01-
nem 0110101 100 0001010000, 100110 auch auff 010 00000111000 110000ος 00
01001 110ςο1100 0011 001001000 vollen 0010, 0001001000 00000 010 0000 101100
11100 2111010 011ου0011 werden 0110000, 11011 001 0010 01100οἱ1 01010101 100 000
1010 1111000101 00111 211101 01000001, 010 00100100 diameter.

81000010 101 0011000011 worden von 00101100 200100, 010 allo 001 lang 00·
0001100, 00 vorholt 0100 00010000 mit 001 000010 801100 0001 0110110111ςοοι

11000010010100200100 also: 0000 100 1100 3101000100 010 Regel 00111 also

*) Dle 2101 101 2010110000οε 100 101010 1010 1111000011. ·
⁸¹¹) 1110 2101 zum Vmbkrals.
¹¹⁸⁸) 1110200100οι 8010 0000 01101010.

 

