Ι,130 0991999191199199

993999131 worden. 11991119119111191199 9919119911939 thnilen 191991
919991 919 991919 (1111191 1991999, welche 3911199 11991391 191 1999 119 991
1999, 991199 991919 9199991919, 119 3911199 mehr 191 91911991 39191 199
199119 Mense, 19911119 9199991, 1999 199199139, 99 9199 sucht, 9191 3911199
199911911 11991 nweyer Zielen 119119.

Der 91919 Weg nimmet 199 1999 99 wie einen gedcppelten Kegehtock
191 1991991 11999 993999191119 (1111191 9991 191 112. Lehr 999 191199 119199-

· 11191999Β9991191911999Β91999,19199991919911191911191991991191391, .

991 1919 199919199 etehend: dieser 9931 3911991191 99119913. Der 991919
Weg nimmet 11999 81111191 1111911199991991 99, 199199111999119 9999 191 63.
Lehr. Dieeer Weg negt vnderweilen recht, 911 9191993191991191.
1111119999 9911191 1119999, 1119111 39391911119119191919199 1199139191
991191 9939, 99 919919 9919 11191199 19191919 3999119119919911991991 91191999,
1199 199 1999 99 19119919119931111 9199 11991993 habe. 89 1191 999 39·
1119191, 1199 99911 91191 8919119 991991999, 9911191919 91999 1191991199 3191199

, 8191, 99 1993 919 11999 9919 1993,191 9191 91911 1919111191 11939. An 119919

8191 991199 11191 9191 9119911111911919, 19199 1911 919919 993993119199 81911, hin
19119139199191 11911199 911399, 99 1999 919 1199111991 919199 191 9191111119
191 191 11999199, 919 19191 stent 991 9999 dem 1111191919 199 dem 8191 her·
111399911991911191199191399, 1991191919919819119193 9111199 919 8191
9939191191 1191199, 191991 9191 911199 199391 9919 1999 1919 1191199 1919919
Face 9111991911 den Benden 1191191. Wann 19 nnn 1119999 19111,1199 1199
11999 919 Β99911 1111 9199 11991993 1919, 99 91191 fiir dich 119 9199 8993 919
Fece, 99111999119 9919 191999 8191 1911 1919199199 stent 9913191911 9111199
991Β99911 1999 1199999, hernach 19919 99 1919 8191 19 91199 1919999 9999
199 11911399 8191199 19 31919191 Weit 199 1919 mittem 81911 39399 199 191-
199 deen 1199999 99 991919 011, 19 119 819119 91199199 199 1191199 9911·
119 111399999999 1993 11999191 1919199 911399, die nwen 999991919 19919
391 991 die Frdeche 1199999, 191 91199 991919 991991 99 11999, 19 die 91919
Rern 9911111199, 3191911 weit voneincnder. 8911199119 119 819119 9119 vom 8191
1911111, 99 weit, 1199 919 9119 99 1191 919 191 91111919 191919311919911991911911
991 119 11993 19191199. Wenn 19 999 9199 1119119191 91199Ρ999199199 191
,3919399919931999119999919 1919 1991199991 39119911, 99193 199 8191
’ 911199911911 91191991 einen 11991199 11991, 191 we 919 19191, 81111999 11999131,
19 1193 91999 Ρ999199 9911 199 119911. Wenn 9199 9119 11191 9191 siben Punc-
199 991199 Τ19911 99139119399, 99 1993919 9199 999191119119111993 319191
11199919 11999119 1111191919 99199199 9119199 191 9119199 9999919199 Ρ999199
919 3919191191 111119, 9191 919 9999 919 391919 Lini, durch 991919 91199 999-
991919 Ρ999199 3999399, 31919199 9119991191 991 19399 999111919. Dernhalben 99
11991919 9111 9919199 911999 99911919199199119199 (991 191919 End einer, deren
1119 (Fig. 19.) 991 119 9199 Bc) 191 1911 1991 11911399 Β9399 (1199911911, ntim-
11911 BV 9191 ΒΟ 919) mit 11999 91119911 191, 19911919 9991191611911, 999911
11911111 ΒΑ (doppelt) 191 AF, 991919999911 199 Ρ999199 Ο, 191 111911 199
Winckel CBA 199 91191 31919119 111911 durch BN, merck cuch den Ρ999199

⁴ ’ N, 191 19991 9191999 99911 11991 3999191991911 dem 89399 991999 rechten

Nnmen 39199, wie du 19991191 39191191 1191 worden. 11999 9191999 191 Be·
-399 (durch died 9191 7 Ρ999199 9939111191) bey dem Puncten N durch-
39191, 99 1919111199 19 9991 1919 991919 Weg 3919911991 11991, 1999 99111
, 11111 199 1999 3991991191 199999. We nit, 9991919 9139191 9191111111 N 191911,
919191, O eder V, 9919999 119 399199 [191110 den 399199919191991911

 

