11010-111101-110011010. ’ 111

111 110 11010100 0000100 1111010001 hand 1100 0010101, 1110 10 0001000101, 0100
1100010 0000 0001 0100 110110 0011110001.
11110 1110100 ‘eu 11010100 gehet 0001 0011 010 80110ος00, welche 0000 010001

8000 (30100 11010 Βο111 0010001 3000100100) gemacht werden 0001 0000100 011 Ι

11010100101 0001 11111101 00100 0000 010 1101100 1100ος 00 001001 10011 000 1101010101
0001 0011000 010 End dees Βο0000 100 merset 1110101101 1100 0100 00 000 1100111
gerad gegenvh013 0001100 10001100 1011100 1011 101000100, 010 11110101 0101011
01011οί100001 01 man 10111010, 0111000; 011010 0010010100, dass 010 1100011 001
11101001 100 hemeringe, 00 0011 001111010001100 anzeiger 111101, 00οΒ011011000
001 halben gelte.

81. 11701111 110111 1000110111 171010110111111101 Hand 0011 0100 0110010 eon 6 8011011011 ru
01111 moerere Persem 010111 lane 01100 were, 1010 1101101111 010 0101111άὼ1011 F 10101
11101110 11110001 10110101 1101000011.

80 01011 01000 10000 8111, 110001 1100 1110 men 010 1101011011οη 11100101,
1011 jhn 0010001 gegen dem Lintzer 801001, 1000100, 1110111 801001 0001 zelle
dle 1101010001Ζ11011101 110 8000111110. 110011 1101111010 0011 010110101101100
0001011 Νο. 80. 11000010 00100, 1110111 8010101 010 jede 1100011 001 zelle 10000101.

Ζο01 81010001, 000 11001 10110 0001 der Zwer 4 8011001 10111οΖ11110, 01010·

, 000100 10 00110101 mehr 0100 3311101001 11010101 00 40 1101101100εο 100 11001301
. 0000 33 mitterer zu 11, 0100 jene 1101100 1096 1001001 Peneum, diere 0101101εο

1100 001101100, 0101180101 100 10110010100 1102, 010 10110116 01011 0101096
100 01110 1011 1 1100100101ηο 1106.

80 0101 010 00101018101 1000011101ἀο 0100 0 8011001, 0100 0110 0100 Longe
1011110110 01011 00 finden 01110, 00 01011 0001011110110001 0111111011 0001
110111011 001 0010000000 henge 00 80100100, 101100 100 1101000 1111100000, 0001
101 Γ1110110, wer 0010101001110110000100, die 0011101101110118, 110110 00 000 1011)-
11011 0000101000, 00010111 21, 11000 00 000 0111111011, 00010111 64, werre du (110
1101111011 3000100100, 00 10010 0001 010 gantae Eyeh 0000 grewen Feeeee.

Zum Exempel‚ die 1110101100ςο 10110010 1101001 80101 00001000 11011010 80101
100 3 Ζο110, 11011 ee 000 mehr 0000 6 801001, 00 1011110 00 100 0001 5 80101 100
000011101100 zelle, 010 11111118 11101001 Theilungen 11οΤ110110, 00 11000010, 11100
1110301εο 36 mitterer Emmer, 100 1119 gehen 40 mitterer 8100101, 001 10001001οἰ0 ,
10130100 010011 110 1110111101. Nun 101 1168 mehr 0000 1110 0011 28, 000 101101·
0010 0101 110111011 100 30, 1001000111 weniger 0000 0103 8010101, 110110 0100 01000
1011011010101011 ger 39 8010101. 1100 weil du 01011010110111111001, 00 multipli-
01139 0111811001θο 011 312 Emmer 01011001, 000 101 101311Εο0010, 00 111 110110

dau Ὲὶει(18000101, 0018101 were 15 11101101 80101 100 1001111011οη 2011 lang, hie 1100010 Ι,

01011 000 Η11111011 nemen, 00011 00 101100 Τ110110 0001 0010000101 0011011100 r

000 00111011, 1 80101100 0000111011)εο Ζο11, 0001111 wie 00101 etwas weniger 0000
33 mitterer Emmer3 0011000000 000 011110 11011 generamur, 00 100111011οί1 39 mit
27, 001 010011 10113, 110110 0100 000 11000 101 1000 8111010101 100 0100 11000 men 0110
80000111010100, 1100 0011000 Η111 1128 11101001 Emmer, 000 101 1111 0001000101 0101·
000 Wirsens gnug.
’ Ζο Heydelherg 0101 lige ein Fess¹ dessen Thuben 0001Το01010 00100 21801101
lang, der Boden 16, 00180001 18 801001 1001, wie 10 hinem 0001101100000000101·
tigten Kupfferstuck 1010101001 wird. Rechne 100 000 Το01010 01000 801001 0011010 1
Velgen 00018100010, 11011100 26 80101, 100 010 10110 Leng 13801001, 00180000
0101 0001111010 10 80101, 1001000001 00111. Lehr 10100 Ζ1011101, 010 wire 0101100121

80101. 11000111101101010111111100101 000001000010110101111010110101. 0010101,
Κιο1011000101. ' φ’· ’ 31

 

